14,001
14,002
15,003
15,004
16,005
16,006
17,007
17,008
18,009
18,010
19,011
19,012
20,013
20,014
21,015
21,016
22,017
22,018
23,019
23,020
24,021
24,022
25,023
25,024
26,025
26,026
27,027
27,028
28,029
28,030
29,031
29,032
30,033
30,034
31,035
31,036
32,037
32,038
33,039
33,040
34,041
34,042
34,043
35,044
35,045
35,046
36,047
36,048
36,049
37,050
37,051
37,052
38,053
38,054
38,055
39,056
39,057
39,058
40,059
40,060
40,061
41,062
41,063
41,064
42,065
42,066
42,067
43,068
43,069
43,070
44,071
44,072
44,073
45,074
45,075
45,076
46,077
46,078
46,079
47,080
47,081
47,082
48,083
48,084
48,085
49,086
49,087
49,088
50,089
50,090
50,091
51,092
51,093
51,094
52,095
52,096
52,097
53,098
53,099
53,100
